#  N = 10:Trial  		 Mean 					 Standard Deviation
0.000000000000000000e+00 5.083881892102014888e+01 1.319852725104977864e+01
1.000000000000000000e+00 5.417584115725883009e+01 1.171727304159704097e+01
2.000000000000000000e+00 5.581277214211846882e+01 1.073160223916251077e+01
3.000000000000000000e+00 5.125035511503278940e+01 1.888519748592673864e+01
4.000000000000000000e+00 5.815570304935617685e+01 9.758146905350230327e+00
5.000000000000000000e+00 5.161062583729955122e+01 7.249148543455382843e+00
6.000000000000000000e+00 5.632531745588554628e+01 1.312970732119450545e+01
7.000000000000000000e+00 5.569616655789684501e+01 1.466558429915495587e+01
8.000000000000000000e+00 5.550095337474359525e+01 1.296174488154116311e+01
9.000000000000000000e+00 5.012481683044025971e+01 1.018073595915875806e+01
# 
#   N = 100: Trial  	 Mean 					 Standard Deviation
0.000000000000000000e+00 5.623191819096049926e+01 1.287740118345755391e+01
1.000000000000000000e+00 5.377121550267671068e+01 1.219472198114359252e+01
2.000000000000000000e+00 5.365865932805373006e+01 1.306786844819218452e+01
3.000000000000000000e+00 5.628486127393946248e+01 1.252429278401831247e+01
4.000000000000000000e+00 5.398081992364519266e+01 1.359009361671217064e+01
5.000000000000000000e+00 5.433112129382686106e+01 1.414089407671571585e+01
6.000000000000000000e+00 5.671189765817864270e+01 1.122216560331367674e+01
7.000000000000000000e+00 5.533066006445045559e+01 1.170294751720973281e+01
8.000000000000000000e+00 5.480760952366885874e+01 1.125991436113253386e+01
9.000000000000000000e+00 5.509151108272678243e+01 1.314757504711442948e+01
# 
#   N = 1000: Trial  	 Mean 					 Standard Deviation
0.000000000000000000e+00 5.511581418944362554e+01 1.267042750422984732e+01
1.000000000000000000e+00 5.505946848967741403e+01 1.319663667001485763e+01
2.000000000000000000e+00 5.476077121791281144e+01 1.297779176250699784e+01
3.000000000000000000e+00 5.550424556849486635e+01 1.335017050546145789e+01
4.000000000000000000e+00 5.497017685921787944e+01 1.281543182043627738e+01
5.000000000000000000e+00 5.554089756187222093e+01 1.286978490716471235e+01
6.000000000000000000e+00 5.536509690030224817e+01 1.283686526859896659e+01
7.000000000000000000e+00 5.542312991381737675e+01 1.312791743332115146e+01
8.000000000000000000e+00 5.481913090561714341e+01 1.283401543899419117e+01
9.000000000000000000e+00 5.462066604916939383e+01 1.311108213424094338e+01
# 
#   N = 10000: Trial  	 Mean 					 Standard Deviation
0.000000000000000000e+00 5.498472758896434698e+01 1.304678427777586336e+01
1.000000000000000000e+00 5.507387750592229736e+01 1.298870425449045563e+01
2.000000000000000000e+00 5.483608663456037391e+01 1.276231441128169131e+01
3.000000000000000000e+00 5.493145564763813837e+01 1.308807924185509464e+01
4.000000000000000000e+00 5.515185305605301380e+01 1.286998004958232933e+01
5.000000000000000000e+00 5.504170220913503186e+01 1.316752978123649775e+01
6.000000000000000000e+00 5.482613532860440841e+01 1.305603586613828071e+01
7.000000000000000000e+00 5.497052718623113066e+01 1.289892697180372494e+01
8.000000000000000000e+00 5.517913529337560874e+01 1.295867572368348242e+01
9.000000000000000000e+00 5.508000912549436379e+01 1.296226414089534096e+01
# 
#   N = 100000: Trial  	 Mean 					 Standard Deviation
0.000000000000000000e+00 5.498504033901694044e+01 1.301522132328030601e+01
1.000000000000000000e+00 5.495465717909162606e+01 1.301514556499712505e+01
2.000000000000000000e+00 5.495004262112257010e+01 1.303615941807202816e+01
3.000000000000000000e+00 5.495765536516981342e+01 1.295152325308702146e+01
4.000000000000000000e+00 5.492868921559797002e+01 1.304006003413551440e+01
5.000000000000000000e+00 5.505642802973339656e+01 1.298000955625627739e+01
6.000000000000000000e+00 5.498394384016379632e+01 1.300898586753764974e+01
7.000000000000000000e+00 5.499951027159932693e+01 1.298828479452798135e+01
8.000000000000000000e+00 5.498821935071196521e+01 1.302684517694341437e+01
9.000000000000000000e+00 5.505841095781440231e+01 1.300527653867867350e+01
# 
#   N = 1000000: Trial  	 Mean 					 Standard Deviation
0.000000000000000000e+00 5.500145813952532592e+01 1.300792503308525383e+01
1.000000000000000000e+00 5.499388519041283985e+01 1.298885829749725040e+01
2.000000000000000000e+00 5.499428182216165339e+01 1.299875596908323239e+01
3.000000000000000000e+00 5.501356390522767725e+01 1.299787421301858892e+01
4.000000000000000000e+00 5.499247492251242875e+01 1.301006659125664910e+01
5.000000000000000000e+00 5.501530605832176235e+01 1.299345560416108292e+01
6.000000000000000000e+00 5.499023033499522484e+01 1.300266672794155909e+01
7.000000000000000000e+00 5.498077570007449566e+01 1.300906170410801543e+01
8.000000000000000000e+00 5.502056869560342989e+01 1.298592386910748431e+01
9.000000000000000000e+00 5.500318772440476778e+01 1.299799559288843831e+01
# 
# Sample Size 	 Std. dev. of mean
1.000000000000000000e+01 2.776443968138331719e+00
1.000000000000000000e+02 1.107802173271178026e+00
1.000000000000000000e+03 3.285908781075319585e-01
1.000000000000000000e+04 1.206803820518458914e-01
1.000000000000000000e+05 4.315171067025148216e-02
1.000000000000000000e+06 1.265816865061373912e-02
